0.745352
0.857708
0.786988
0.937148
0.831342
0.799420
0.839972
0.937306
0.972225
0.847291
0.859689
0.833780
0.906955
0.859183
0.977797
0.813035
0.819150
0.851895
0.933610
0.748606
0.789774
0.875548
0.687093
0.797457
0.871332
0.855840
0.692926
0.767417
0.914101
0.842943
0.791751
0.783969
0.757385
0.717023
0.822434
0.789334
0.956026
0.918844
0.939569
0.737312
0.808062
0.756629
0.908573
0.850305
0.828545
0.801356
0.839253
0.841459
0.736049
0.723580
0.796541
0.908821
0.876441
0.730253
0.864652
0.735277
0.899025
0.798471
0.812473
0.830817
0.946803
0.834467
0.888400
0.817391
0.785718
0.793331
0.851032
0.964806
0.705491
0.806829
0.845854
0.845108
0.775278
0.799135
0.772293
0.815145
0.946515
0.863868
0.841419
0.714176
0.831104
0.828973
0.864670
0.763078
0.896264
0.752712
0.743738
0.847291
0.770465
0.844870
0.841273
0.797709
0.682177
0.785897
0.794324
0.799999
0.736846
0.841810
0.785492
0.889102
0.763460
0.920634
0.773045
0.811884
0.752491
0.883505
0.917462
0.832333
0.913889
0.793016
0.777372
0.839261
0.893719
0.758882
0.802305
0.812259
0.887578
0.820728
0.810275
0.798986
0.731002
0.830005
0.901279
0.819512
0.800103
0.752095
0.859660
0.798789
0.817988
0.944226
0.843777
0.837554
0.918288
0.751283
0.872725
0.842992
0.884162
0.845819
0.786096
0.821529
