0.367007
0.335493
0.388949
0.390743
0.269685
0.289496
0.366352
0.351065
0.312430
0.329708
0.404265
0.341280
0.256651
0.395000
0.363535
0.413994
0.309653
0.538436
0.346190
0.343411
0.352045
0.291184
0.322254
0.357590
0.310450
0.236660
0.319493
0.403147
0.306118
0.333664
0.307223
0.389552
0.369062
0.321721
0.343034
0.377133
0.349978
0.340155
0.316709
0.344712
0.420775
0.358705
0.394376
0.397893
0.324947
0.342493
0.267330
0.364836
0.331588
0.348746
0.318145
0.401118
0.378159
0.335317
0.212716
0.342053
0.445589
0.291262
0.299788
0.189618
0.404716
0.230697
0.298263
0.387741
0.316823
0.383477
0.365210
0.393283
0.388893
0.465464
0.307894
0.259204
0.343967
0.273135
0.380105
0.393905
0.303242
0.321350
0.405192
0.275431
0.282689
0.411809
0.355210
0.336309
0.374113
0.334718
0.298909
0.352270
0.430629
0.340833
0.471104
0.413796
0.339039
0.337300
0.351932
0.366915
0.397012
0.399876
0.348268
0.388135
