0.220279
0.188117
0.177948
0.125678
0.157809
0.194344
0.178312
0.254427
0.225836
0.183857
0.173163
0.274427
0.152974
0.225501
0.274846
0.208145
0.155071
0.177073
0.184946
0.165354
0.262460
0.249487
0.220106
0.214929
0.149087
0.171315
0.205601
0.163439
0.217696
0.181222
0.150011
0.220550
0.218372
0.155362
0.248343
0.201094
0.269368
0.204304
0.196325
0.167794
0.213274
0.202972
0.205833
0.194068
0.252951
0.232919
0.196648
0.216120
0.180925
0.183909
0.168167
0.264182
0.202680
0.255882
0.186168
0.228775
0.199552
0.196970
0.209082
0.231219
0.225624
0.205190
0.158903
0.280119
0.263772
0.213257
0.185731
0.224537
0.260647
0.269616
0.204187
0.207930
0.158300
0.220608
0.189202
0.177666
0.230910
0.110923
0.157052
0.159395
0.237342
0.197486
0.146956
0.195646
0.180164
0.192499
0.176748
0.247869
0.172078
0.168883
0.208099
0.143334
0.221606
0.215621
0.238709
0.203805
0.184175
0.161940
0.173708
0.239609
