0.647244
0.520576
0.710593
0.626714
0.495751
0.646693
0.362451
0.611045
0.477851
0.518798
0.575888
0.512501
0.456788
0.522724
0.551650
0.506349
0.492364
0.522164
0.640520
0.604349
0.630153
0.622799
0.532992
0.498035
0.659541
0.604294
0.540011
0.596737
0.651038
0.514513
0.620344
0.543196
0.587373
0.542909
0.621856
0.520579
0.684717
0.612355
0.494421
0.566907
0.676594
0.608069
0.554491
0.545218
0.641329
0.615261
0.459790
0.542364
0.505898
0.678077
0.564591
0.539225
0.441690
0.579054
0.607244
0.634454
0.709818
0.711587
0.464689
0.548282
0.645112
0.581362
0.560174
0.667245
0.555659
0.482670
0.657038
0.489172
0.606817
0.461089
0.595963
0.705519
0.681352
0.596518
0.555134
0.665731
0.585838
0.480253
0.499910
0.707128
0.518176
0.569965
0.640811
0.572857
0.578407
0.474847
0.575389
0.528419
0.525552
0.691579
0.584863
0.639452
0.476902
0.545854
0.690067
0.463306
0.596697
0.533271
0.671775
0.549573
0.561969
0.626031
0.656918
0.615409
0.562897
0.386024
0.588511
0.474980
0.557293
0.482566
0.487773
0.640182
0.661570
0.470990
0.539237
0.635952
0.586871
0.568678
0.661823
0.519346
0.531533
0.493748
0.587600
0.549445
0.575595
0.618594
0.495849
0.491934
0.546195
0.567366
0.548998
0.566412
0.542110
0.658808
0.521891
0.612507
0.629321
0.639504
0.660918
0.469967
0.558118
