0.323000 0.267000 0.286000 0.335000 
0.315000 0.283000 0.298000 0.331000 
0.339000 0.434000 0.415000 0.386000 
0.494000 0.461000 0.495000 0.384000 
0.460000 0.325000 0.594000 0.378000 
0.477000 0.384000 0.359000 0.356000 
0.457000 0.291000 0.369000 0.409000 
0.410000 0.401000 0.558000 0.602000 
0.447000 0.451000 0.508000 0.426000 
0.387000 0.285000 0.472000 0.528000 
0.399000 0.411000 0.458000 0.509000 
0.388000 0.499000 0.379000 0.525000 
0.517000 0.375000 0.382000 0.430000 
0.314000 0.500000 0.353000 0.338000 
0.362000 0.536000 0.666000 0.521000 
0.379000 0.468000 0.379000 0.319000 
0.445000 0.464000 0.413000 0.391000 
0.328000 0.460000 0.307000 0.387000 
0.422000 0.507000 0.476000 0.383000 
0.428000 0.425000 0.325000 0.315000 
0.356000 0.475000 0.330000 0.283000 
0.499000 0.490000 0.469000 0.487000 
0.289000 0.438000 0.425000 0.305000 
0.351000 0.450000 0.431000 0.346000 
0.488000 0.405000 0.520000 0.498000 
0.406000 0.559000 0.569000 0.390000 
0.391000 0.365000 0.373000 0.254000 
0.316000 0.475000 0.356000 0.434000 
0.463000 0.609000 0.405000 0.622000 
0.436000 0.489000 0.261000 0.524000 
0.330000 0.295000 0.484000 0.472000 
0.457000 0.334000 0.476000 0.401000 
0.296000 0.438000 0.259000 0.449000 
0.417000 0.389000 0.372000 0.413000 
0.342000 0.443000 0.300000 0.376000 
0.344000 0.384000 0.411000 0.273000 
0.402000 0.483000 0.510000 0.457000 
0.434000 0.595000 0.549000 0.430000 
0.420000 0.636000 0.581000 0.434000 
0.432000 0.470000 0.334000 0.386000 
0.439000 0.405000 0.353000 0.380000 
0.423000 0.531000 0.469000 0.337000 
0.487000 0.382000 0.354000 0.499000 
0.396000 0.526000 0.362000 0.555000 
0.581000 0.331000 0.384000 0.371000 
0.470000 0.480000 0.424000 0.427000 
0.416000 0.582000 0.477000 0.439000 
0.454000 0.338000 0.361000 0.412000 
0.417000 0.420000 0.292000 0.348000 
0.320000 0.317000 0.430000 0.410000 
0.367000 0.386000 0.436000 0.340000 
0.455000 0.478000 0.553000 0.380000 
0.387000 0.446000 0.444000 0.579000 
0.426000 0.377000 0.317000 0.380000 
0.475000 0.364000 0.486000 0.365000 
0.287000 0.430000 0.364000 0.365000 
0.342000 0.426000 0.399000 0.352000 
0.458000 0.431000 0.277000 0.457000 
0.437000 0.345000 0.466000 0.272000 
0.324000 0.348000 0.582000 0.460000 
0.460000 0.431000 0.637000 0.632000 
0.323000 0.298000 0.365000 0.378000 
0.553000 0.559000 0.425000 0.421000 
0.367000 0.320000 0.318000 0.419000 
0.366000 0.496000 0.449000 0.356000 
0.419000 0.391000 0.299000 0.384000 
0.464000 0.360000 0.538000 0.294000 
0.359000 0.512000 0.413000 0.623000 
0.437000 0.305000 0.303000 0.341000 
0.351000 0.310000 0.343000 0.347000 
0.462000 0.383000 0.278000 0.345000 
0.376000 0.490000 0.457000 0.368000 
0.398000 0.407000 0.305000 0.368000 
0.438000 0.382000 0.410000 0.425000 
0.443000 0.362000 0.313000 0.382000 
0.354000 0.326000 0.436000 0.433000 
0.589000 0.462000 0.665000 0.401000 
0.433000 0.477000 0.420000 0.415000 
0.412000 0.327000 0.473000 0.442000 
0.356000 0.429000 0.303000 0.469000 
0.445000 0.331000 0.530000 0.413000 
0.512000 0.504000 0.320000 0.403000 
0.413000 0.590000 0.375000 0.401000 
0.427000 0.498000 0.477000 0.492000 
0.450000 0.544000 0.284000 0.443000 
0.331000 0.464000 0.314000 0.457000 
0.452000 0.422000 0.369000 0.247000 
0.531000 0.451000 0.325000 0.499000 
0.444000 0.337000 0.291000 0.432000 
0.525000 0.521000 0.449000 0.416000 
0.483000 0.497000 0.306000 0.347000 
0.417000 0.314000 0.341000 0.291000 
0.368000 0.357000 0.318000 0.423000 
0.364000 0.385000 0.407000 0.465000 
0.505000 0.389000 0.382000 0.315000 
0.348000 0.470000 0.459000 0.365000 
0.363000 0.291000 0.330000 0.296000 
0.460000 0.356000 0.378000 0.425000 
0.377000 0.388000 0.426000 0.384000 
0.552000 0.380000 0.534000 0.488000 
0.430000 0.401000 0.263000 0.417000 
0.418000 0.388000 0.402000 0.384000 
0.494000 0.342000 0.341000 0.388000 
0.457000 0.343000 0.432000 0.331000 
0.243000 0.414000 0.300000 0.443000 
0.604000 0.466000 0.476000 0.471000 
0.533000 0.463000 0.493000 0.419000 
0.536000 0.324000 0.345000 0.346000 
0.554000 0.416000 0.425000 0.451000 
0.477000 0.357000 0.568000 0.432000 
0.411000 0.561000 0.361000 0.411000 
0.357000 0.346000 0.396000 0.292000 
0.439000 0.382000 0.507000 0.496000 
0.315000 0.457000 0.324000 0.438000 
0.339000 0.335000 0.307000 0.410000 
0.362000 0.305000 0.424000 0.312000 
0.505000 0.634000 0.449000 0.392000 
0.411000 0.414000 0.373000 0.437000 
0.369000 0.465000 0.388000 0.288000 
0.375000 0.245000 0.344000 0.404000 
0.399000 0.273000 0.340000 0.344000 
0.402000 0.366000 0.436000 0.361000 
0.400000 0.531000 0.499000 0.358000 
0.508000 0.304000 0.404000 0.488000 
0.437000 0.347000 0.475000 0.416000 
0.352000 0.366000 0.451000 0.251000 
0.456000 0.590000 0.493000 0.412000 
0.300000 0.464000 0.355000 0.308000 
0.489000 0.398000 0.416000 0.452000 
0.430000 0.422000 0.471000 0.526000 
0.503000 0.554000 0.368000 0.367000 
0.434000 0.502000 0.518000 0.412000 
0.394000 0.465000 0.495000 0.441000 
0.375000 0.267000 0.360000 0.347000 
0.395000 0.460000 0.545000 0.298000 
0.298000 0.590000 0.465000 0.388000 
0.449000 0.339000 0.398000 0.373000 
0.403000 0.551000 0.317000 0.295000 
0.417000 0.425000 0.479000 0.398000 
0.395000 0.366000 0.394000 0.459000 
