0.299000 
0.119000 
0.201000 
0.134000 
0.112000 
0.063000 
0.157000 
0.170000 
0.154000 
0.210000 
0.190000 
0.148000 
0.136000 
0.216000 
0.143000 
0.140000 
0.218000 
0.248000 
0.249000 
0.207000 
0.136000 
0.075000 
0.172000 
0.262000 
0.196000 
0.094000 
0.198000 
0.218000 
0.212000 
0.155000 
0.112000 
0.258000 
0.272000 
0.216000 
0.183000 
0.130000 
0.153000 
0.158000 
0.194000 
0.166000 
0.285000 
0.160000 
0.178000 
0.209000 
0.131000 
0.271000 
0.174000 
0.246000 
0.064000 
0.115000 
0.157000 
0.262000 
0.196000 
0.179000 
0.077000 
0.145000 
0.243000 
0.142000 
0.119000 
0.066000 
0.292000 
0.094000 
0.092000 
0.178000 
0.140000 
0.254000 
0.214000 
0.185000 
0.191000 
0.202000 
0.111000 
0.131000 
0.212000 
0.149000 
0.242000 
0.285000 
0.118000 
0.145000 
0.233000 
0.159000 
0.122000 
0.293000 
0.157000 
0.166000 
0.194000 
0.168000 
0.149000 
0.165000 
0.222000 
0.146000 
0.212000 
0.163000 
0.140000 
0.175000 
0.180000 
0.199000 
0.124000 
0.250000 
0.212000 
0.223000 
